1.000000
1.000041
1.000097
1.000189
1.000345
1.000610
1.001051
1.001767
1.002901
1.004653
1.007291
1.011166
1.016718
1.024477
1.035051
1.049108
1.067335
1.090392
1.118842
1.153086
1.193298
1.239361
1.290839
1.346961
1.406651
1.468582
1.531259
1.593128
1.652678
1.708543
1.759584
1.804933
1.844012
1.876506
1.902317
1.921499
1.934174
1.940473
1.940473
1.934174
1.921499
1.902317
1.876506
1.844012
1.804933
1.759584
1.708543
1.652678
1.593128
1.531259
1.468582
1.406651
1.346961
1.290839
1.239361
1.193298
1.153086
1.118842
1.090392
1.067335
1.049108
1.035051
1.024477
1.016718
1.011166
1.007291
1.004653
1.002901
1.001767
1.001052
1.000611
1.000347
1.000192
1.000104
1.000055
1.000028
1.000014
1.000007
1.000003
1.000002
1.000001
1.000000
1.000000
1.000000
1.000000
1.000000
1.000000
1.000000
1.000000
1.000000
1.000000
1.000000
1.000000
1.000000
1.000000
1.000000
1.000000
1.000000
1.000000
1.000000
1.000000
